jab00,1,0,0,86,29,18,17,75,45,34,38,69,81,44,46,0,1366,1,1,77,49,30,78
jab01,4,0,0,87,37,47,11,75,45,34,38,69,81,44,46,108,43,30,10,77,49,30,78
jab00,2,0,0,86,29,18,17,75,45,34,38,69,81,44,46,0,1366,1,1,77,49,30,78
x,2
short00,3,0,0,86,29,18,17,75,45,34,38,69,81,44,46,0,1366,1,1,77,49,30,78
short01,1,0,0,97,41,45,9,75,45,34,38,69,81,44,46,0,1366,1,1,77,49,30,78
short01,2,0,0,97,41,45,9,75,45,34,38,69,81,44,46,109,46,34,8,77,49,30,78
short02,2,0,0,97,41,45,9,75,45,34,38,69,81,44,46,0,1366,1,1,77,49,30,78
short03,2,0,0,86,29,18,17,75,45,34,38,69,81,44,46,0,1366,1,1,77,49,30,78
short00,2,0,0,86,29,18,17,75,45,34,38,69,81,44,46,0,1366,1,1,77,49,30,78
stand01,1,0,0,86,29,18,17,75,45,34,38,69,81,44,46,0,1366,1,1,77,49,30,78
x,6
strong00,2,0,0,87,36,18,17,75,45,34,38,69,81,44,46,0,1366,1,1,77,49,30,78
strong01,2,1,0,99,49,18,17,88,56,31,38,87,88,40,39,0,1366,1,1,77,49,30,78
strong02,3,3,0,114,50,37,13,96,62,32,26,87,88,40,39,132,55,24,14,77,49,30,78
strong03,6,2,0,111,49,35,12,96,62,32,26,87,88,40,39,125,1366,23,7,77,49,30,78
strong04,3,1,0,99,49,18,17,88,56,31,38,87,88,40,39,0,1366,1,1,77,49,30,78
strong01,3,0,0,99,49,18,17,88,56,31,38,87,88,40,39,0,1366,1,1,77,49,30,78
x,5
mddkick00,2,0,0,81,28,18,22,75,51,20,76,83,67,27,26,0,1366,1,1,77,49,30,78
mddkick01,1,0,0,81,28,18,22,75,51,20,76,83,67,27,26,0,1366,1,1,77,49,30,78
mddkick02,1,0,0,77,30,20,40,106,57,28,28,88,62,16,64,123,55,9,29,77,49,30,78
mddkick01,3,0,0,81,28,18,22,75,51,20,76,83,67,27,26,0,1366,1,1,77,49,30,78
mddkick00,4,0,0,81,28,18,22,75,51,20,76,83,67,27,26,0,1366,1,1,77,49,30,78
x,4
mddkick00,2,0,0,81,28,18,22,75,51,20,76,83,67,27,26,0,1366,1,1,77,49,30,78
mddkick01,1,0,0,81,28,18,22,75,51,20,76,83,67,27,26,0,1366,1,1,77,49,30,78
mddkick02,2,0,0,77,30,20,40,106,57,28,28,88,62,16,64,123,55,9,29,77,49,30,78
mddkick03,4,0,0,77,30,20,40,87,55,43,28,84,71,18,56,0,1366,1,1,77,49,30,78
mddkick01,4,0,0,81,28,18,22,75,51,20,76,83,67,27,26,0,1366,1,1,77,49,30,78
mddkick00,3,0,0,81,28,18,22,75,51,20,76,83,67,27,26,0,1366,1,1,77,49,30,78
stand00,1,1,0,103,29,33,14,89,43,31,38,97,81,35,44,0,1366,1,1,77,49,30,78
x,4
mdkick00,2,0,0,81,28,18,22,75,51,20,76,83,67,27,26,0,1366,1,1,77,49,30,78
mdkick01,2,0,0,73,30,20,25,87,55,43,28,84,71,18,56,0,1366,1,1,77,49,30,78
mdkick02,2,0,0,77,30,20,40,106,52,64,9,88,62,16,64,0,1366,1,1,77,49,30,78
mdkick03,4,0,0,73,30,20,25,88,55,68,7,88,62,16,64,123,50,48,6,77,49,30,78
mdkick01,3,0,0,73,30,20,25,87,55,43,28,84,71,18,56,0,1366,1,1,77,49,30,78
mdkick00,3,0,0,81,28,18,22,75,51,20,76,83,67,27,26,0,1366,1,1,77,49,30,78
x,5,-------------------------------------------------------------------------
cjab00,1,0,0,90,55,14,17,79,67,39,31,69,81,44,46,0,1366,1,1,77,67,29,60
cjab01,4,0,0,94,58,14,59,83,71,53,10,90,89,27,38,113,72,25,6,77,67,29,60
cjab00,2,0,0,90,55,14,17,79,67,39,31,69,81,44,46,0,1366,1,1,77,67,29,60
x,2
cshort00,3,0,0,85,57,15,16,72,69,31,31,69,81,44,46,0,1366,1,1,77,67,29,60
cshort02,1,0,0,85,57,15,16,73,71,42,12,69,81,44,46,0,1366,1,1,77,67,29,60
cshort01,6,0,0,85,57,15,16,72,68,64,10,69,81,44,46,111,68,26,10,77,67,29,60
cshort02,2,0,0,85,57,15,16,73,71,42,12,69,81,44,46,0,1366,1,1,77,67,29,60
cshort00,2,0,0,85,57,15,16,72,69,31,31,69,81,44,46,0,1366,1,1,77,67,29,60
crouch00,1,0,0,85,57,15,16,72,69,31,31,69,81,44,46,0,1366,1,1,77,67,29,60
x,5
cstrong00,3,0,0,53,59,44,17,73,71,-63,-55,69,81,44,46,0,1366,61,32,77,67,29,60
cstrong01,3,0,0,81,67,31,14,62,81,58,23,63,102,54,25,0,1366,61,32,77,67,29,60
cstrong02,2,0,0,82,29,49,29,80,48,33,32,65,80,55,46,0,1366,61,32,77,67,29,60
cstrong03,1,0,0,121,2,14,37,90,26,30,56,65,80,55,46,0,1366,1,1,77,67,29,60
cstrong04,6,0,0,119,2,15,41,88,26,32,59,65,80,55,46,122,3,14,67,77,67,29,60
cstrong02,5,0,0,82,29,49,29,80,48,33,32,65,80,55,46,0,1366,61,32,77,67,29,60
cstrong01,3,0,0,81,67,31,14,62,81,58,23,63,102,54,25,0,1366,61,32,77,67,29,60
x,5
footjab00,2,-1,0,90,55,14,17,79,67,39,31,69,81,44,46,0,1366,1,1,77,67,29,60
footjab01,3,-2,1,82,56,20,27,95,115,62,6,69,81,44,46,129,116,34,8,77,67,29,60
footjab00,2,-1,0,90,55,14,17,79,67,39,31,69,81,44,46,0,1366,1,1,77,67,29,60
cjab00,3,0,0,90,55,14,17,79,67,39,31,69,81,44,46,0,1366,1,1,77,67,29,60
x,3
cjab00,2,0,0,81,28,18,22,75,51,20,76,83,67,27,26,0,1366,1,1,77,49,30,78
crouchmk00,4,0,0,79,58,13,16,68,74,40,23,74,93,44,32,0,1366,1,1,77,67,29,60
crouchmk01,4,0,0,52,65,42,21,51,86,112,13,75,99,17,28,116,86,44,10,77,67,29,60
crouchmk00,4,0,0,79,58,13,16,68,74,40,23,74,93,44,32,0,1366,1,1,77,67,29,60
cjab00,2,0,0,81,28,18,22,75,51,20,76,83,67,27,26,0,1366,1,1,77,49,30,78
x,4
cjab00,3,0,0,81,79,58,13,16,68,74,40,23,74,93,44,32,1366,1366,1,1,77,67,29,60
crouchmk00,4,0,0,79,58,13,16,68,74,40,23,74,93,44,32,1366,1366,1,1,77,67,29,60
sweep00,4,0,0,45,69,27,35,71,85,33,42,98,106,57,10,118,112,34,10,77,67,29,60
sweep01,3,0,0,45,68,57,36,103,99,48,16,35,103,70,23,1366,1366,1,1,77,67,29,60
crouchmk00,5,0,0,79,58,13,16,68,74,40,23,74,93,44,32,1136,1366,1,1,77,67,29,60
x,4,------------------------------------------------------------------------- Air attacks
airjab,128,0,0,86,22,24,17,72,32,33,44,74,66,32,36,112,49,25,17,77,32,29,65
x,0
jump02,4,0,0,86,22,24,17,72,32,33,44,74,66,32,36,0,1366,1,1,77,32,29,65
airstrong,17,0,0,86,22,24,17,72,32,33,44,74,66,32,36,82,59,44,13,77,32,29,65
jump02,128,0,0,86,22,24,17,72,32,33,44,74,66,32,36,0,1366,1,1,77,32,29,65
x,1
jump02,7,0,0,86,22,24,17,72,32,33,44,74,66,32,36,0,1366,1,1,77,32,29,65
airstrong,10,0,0,86,22,24,17,72,32,33,44,74,66,32,36,82,63,53,15,77,32,29,65
jump02,128,0,0,86,22,24,17,72,32,33,44,74,66,32,36,0,1366,1,1,77,32,29,65
x,1
airlk,128,0,0,86,22,24,17,72,32,33,44,74,66,32,36,73,88,56,11,77,32,29,65
x,0
jump02,3,0,0,86,22,24,17,72,32,33,44,74,66,32,36,0,1366,1,1,77,32,29,65
airhk,17,0,0,86,22,24,17,72,32,33,44,74,66,32,36,82,59,44,13,77,32,29,65
jump02,128,0,0,86,22,24,17,72,32,33,44,74,66,32,36,0,1366,1,1,77,32,29,65
x,1
jump02,1,0,0,86,22,24,17,72,32,33,44,74,66,32,36,0,1366,1,1,77,32,29,65
airhk,17,0,0,86,22,24,17,72,32,33,44,74,66,32,36,82,59,44,13,77,32,29,65
x,1,------------------------------------------------------------------------------- Special Moves
cstrong00,4,0,0,86,29,18,17,75,45,34,38,69,81,44,46,0,1366,1,1,77,49,30,78
cstrong01,4,0,0,0,1366,1,1,0,1366,1,1,0,1366,1,1,105,1366,1,1,77,49,30,78
srk,13,0,0,92,25,20,14,0,1366,1,1,0,1366,1,1,125,2,12,84,91,32,30,70
srk2,45,4,7,86,29,18,17,75,45,34,38,69,81,44,46,0,1366,1,1,77,49,30,78
x,3
cstrong00,3,0,0,86,29,18,17,75,45,34,38,69,81,44,46,0,1366,1,1,77,49,30,78
cstrong01,4,0,0,0,1366,1,1,0,1366,1,1,0,1366,1,1,105,106,23,20,65,69,45,57
srk,19,0,0,92,25,20,14,0,1366,1,1,0,1366,1,1,125,2,12,84,91,32,30,70
srk2,45,4,7,86,29,18,17,75,45,34,38,69,81,44,46,0,1366,1,1,77,49,30,78
x,3
cstrong00,3,0,0,86,29,18,17,75,45,34,38,69,81,44,46,0,1366,1,1,77,49,30,78
cstrong01,2,0,0,0,1366,1,1,0,1366,1,1,0,1366,1,1,105,106,23,20,65,69,45,57
cstrong02,2,0,0,0,1366,1,1,0,1366,1,1,0,1366,1,1,125,2,12,84,91,32,30,70
srk,23,0,0,92,25,20,14,0,1366,1,1,0,1366,1,1,125,2,12,84,91,32,30,70
srk2,45,4,7,86,29,18,17,75,45,34,38,69,81,44,46,0,1366,1,1,77,49,30,78
x,4
crouch00,7,0,0,93,14,13,13,89,20,25,45,51,63,64,11,44,68,27,9,92,13,23,44
kickthing00,3,0,0,80,30,14,12,77,43,28,31,95,73,18,39,0,1366,1,1,75,42,25,52
kickthing01,3,0,0,80,30,14,12,77,43,28,31,95,73,18,39,113,66,14,29,75,42,25,52
kickthing02,3,0,0,80,30,14,12,77,43,28,31,95,73,18,39,106,78,13,39,75,42,25,52
kickthing00,3,0,0,80,30,14,12,77,43,28,31,95,73,18,39,0,1366,1,1,75,42,25,52
kickthing01,3,0,0,80,30,14,12,77,43,28,31,95,73,18,39,113,66,14,29,75,42,25,52
kickthing02,3,0,0,80,30,14,12,77,43,28,31,95,73,18,39,106,78,13,39,75,42,25,52
x,1
crouch00,7,0,0,93,14,13,13,89,20,25,45,51,63,64,11,44,68,27,9,92,13,23,44
kickthing00,3,0,0,80,30,14,12,77,43,28,31,95,73,18,39,0,1366,1,1,75,42,25,52
kickthing01,3,0,0,80,30,14,12,77,43,28,31,95,73,18,39,113,66,14,29,75,42,25,52
kickthing02,3,0,0,80,30,14,12,77,43,28,31,95,73,18,39,106,78,13,39,75,42,25,52
kickthing00,3,0,0,80,30,14,12,77,43,28,31,95,73,18,39,0,1366,1,1,75,42,25,52
kickthing01,3,0,0,80,30,14,12,77,43,28,31,95,73,18,39,113,66,14,29,75,42,25,52
kickthing02,3,0,0,80,30,14,12,77,43,28,31,95,73,18,39,106,78,13,39,75,42,25,52
kickthing00,3,0,0,80,30,14,12,77,43,28,31,95,73,18,39,0,1366,1,1,75,42,25,52
kickthing01,3,0,0,80,30,14,12,77,43,28,31,95,73,18,39,113,66,14,29,75,42,25,52
kickthing02,3,0,0,80,30,14,12,77,43,28,31,95,73,18,39,106,78,13,39,75,42,25,52
kickthing00,3,0,0,80,30,14,12,77,43,28,31,95,73,18,39,0,1366,1,1,75,42,25,52
kickthing01,3,0,0,80,30,14,12,77,43,28,31,95,73,18,39,113,66,14,29,75,42,25,52
kickthing02,3,0,0,80,30,14,12,77,43,28,31,95,73,18,39,106,78,13,39,75,42,25,52
jump02,128,0,0,86,22,24,17,72,32,33,44,74,66,32,36,0,1366,1,1,77,32,29,65
x,13
crouch00,7,0,0,93,14,13,13,89,20,25,45,51,63,64,11,44,68,27,9,92,13,23,44
kickthing00,3,0,0,80,30,14,12,77,43,28,31,95,73,18,39,0,1366,1,1,75,42,25,52
kickthing01,3,0,0,80,30,14,12,77,43,28,31,95,73,18,39,113,66,14,29,75,42,25,52
kickthing02,3,0,0,80,30,14,12,77,43,28,31,95,73,18,39,106,78,13,39,75,42,25,52
kickthing00,3,0,0,80,30,14,12,77,43,28,31,95,73,18,39,0,1366,1,1,75,42,25,52
kickthing01,3,0,0,80,30,14,12,77,43,28,31,95,73,18,39,113,66,14,29,75,42,25,52
kickthing02,3,0,0,80,30,14,12,77,43,28,31,95,73,18,39,106,78,13,39,75,42,25,52
kickthing00,3,0,0,80,30,14,12,77,43,28,31,95,73,18,39,0,1366,1,1,75,42,25,52
kickthing01,3,0,0,80,30,14,12,77,43,28,31,95,73,18,39,113,66,14,29,75,42,25,52
kickthing02,3,0,0,80,30,14,12,77,43,28,31,95,73,18,39,106,78,13,39,75,42,25,52
kickthing00,3,0,0,80,30,14,12,77,43,28,31,95,73,18,39,0,1366,1,1,75,42,25,52
kickthing01,3,0,0,80,30,14,12,77,43,28,31,95,73,18,39,113,66,14,29,75,42,25,52
kickthing02,3,0,0,80,30,14,12,77,43,28,31,95,73,18,39,106,78,13,39,75,42,25,52
kickthing00,3,0,0,80,30,14,12,77,43,28,31,95,73,18,39,0,1366,1,1,75,42,25,52
kickthing01,3,0,0,80,30,14,12,77,43,28,31,95,73,18,39,113,66,14,29,75,42,25,52
kickthing02,3,0,0,80,30,14,12,77,43,28,31,95,73,18,39,106,78,13,39,75,42,25,52
jump02,128,0,0,86,22,24,17,72,32,33,44,74,66,32,36,0,1366,1,1,77,32,29,65
x,16
proj_1,4,0,0,99,49,18,17,88,56,31,38,87,88,40,39,0,1366,1,1,77,49,30,78
proj_2,4,0,0,99,49,18,17,88,56,31,38,87,88,40,39,0,1366,1,1,77,49,30,78
proj_3,4,0,0,99,49,18,17,88,56,31,38,87,88,40,39,0,1366,1,1,77,49,30,78
proj_4,4,0,0,99,49,18,17,88,56,31,38,87,88,40,39,0,1366,1,1,77,49,30,78
strong01,4,1,0,99,49,18,17,88,56,31,38,87,88,40,39,0,1366,1,1,77,49,30,78
strong00,4,0,0,87,36,18,17,75,45,34,38,69,81,44,46,0,1366,1,1,77,49,30,78
x,1