stand00,7,0,0,86,29,18,17,75,45,34,38,69,81,44,46,0,1366,1,1,77,49,30,78
stand01,5,0,0,86,29,18,17,75,45,34,38,69,81,44,46,0,1366,1,1,77,49,30,78
stand02,5,0,0,86,29,18,17,75,45,34,38,69,81,44,46,0,1366,1,1,77,49,30,78
stand03,7,0,0,86,29,18,17,75,45,34,38,69,81,44,46,0,1366,1,1,77,49,30,78
stand02,5,0,0,86,29,18,17,75,45,34,38,69,81,44,46,0,1366,1,1,77,49,30,78
stand01,5,0,0,86,29,18,17,75,45,34,38,69,81,44,46,0,1366,1,1,77,49,30,78
x,0
forward00,5,1,0,86,29,18,17,75,45,34,38,69,81,44,46,0,1366,1,1,77,49,30,78
forward01,6,2,0,86,29,18,17,75,45,34,38,69,81,44,46,0,1366,1,1,77,49,30,78
forward02,7,1,0,86,29,18,17,75,45,34,38,69,81,44,46,0,1366,1,1,77,49,30,78
forward03,6,0,0,86,29,18,17,75,45,34,38,69,81,44,46,0,1366,1,1,77,49,30,78
forward04,6,0,0,86,29,18,17,75,45,34,38,69,81,44,46,0,1366,1,1,77,49,30,78
x,0
forward02,6,1,0,86,29,18,17,75,45,34,38,69,81,44,46,0,1366,1,1,77,49,30,78
forward01,7,2,0,86,29,18,17,75,45,34,38,69,81,44,46,0,1366,1,1,77,49,30,78
forward00,9,1,0,86,29,18,17,75,45,34,38,69,81,44,46,0,1366,1,1,77,49,30,78
forward04,7,0,0,86,29,18,17,75,45,34,38,69,81,44,46,0,1366,1,1,77,49,30,78
forward03,7,0,0,86,29,18,17,75,45,34,38,69,81,44,46,0,1366,1,1,77,49,30,78
x,0
jump00,6,0,0,86,22,24,17,72,32,33,44,74,66,32,36,0,1366,1,1,77,32,29,65
jump01,7,0,-1,86,22,24,17,72,32,33,44,74,66,32,36,0,1366,1,1,77,32,29,65
jump02,10,0,-2,86,22,24,17,72,32,33,44,74,66,32,36,0,1366,1,1,77,32,29,65
jump01,7,0,-1,86,22,24,17,72,32,33,44,74,66,32,36,0,1366,1,1,77,32,29,65
jump00,32,0,0,86,22,24,17,72,32,33,44,74,66,32,36,0,1366,1,1,77,32,29,65
x,4
crouch00,12,0,0,85,57,15,16,72,69,31,31,69,81,44,46,0,1366,1,1,77,67,29,60
x,0
blockhigh00,32,0,0,86,29,18,17,75,45,34,38,69,81,44,46,0,1366,1,1,77,49,30,78
x,0
blocklow00,32,0,0,85,57,15,16,72,69,31,31,69,81,44,46,0,1366,1,1,77,67,29,60
x,0
groundhurt00,2,0,0,86,29,18,17,75,45,34,38,69,81,44,46,0,1366,1,1,77,49,30,78
groundhurt01,3,0,0,86,29,18,17,75,45,34,38,69,81,44,46,0,1366,1,1,77,49,30,78
groundhurt02,15,0,0,86,29,18,17,75,45,34,38,69,81,44,46,0,1366,1,1,77,49,30,78
x,2
groundhurt00,2,0,0,86,29,18,17,75,45,34,38,69,81,44,46,0,1366,1,1,77,49,30,78
groundhurt01,3,0,0,86,29,18,17,75,45,34,38,69,81,44,46,0,1366,1,1,77,49,30,78
groundhurt02,15,0,0,86,29,18,17,75,45,34,38,69,81,44,46,0,1366,1,1,77,49,30,78
x,1
airhurt00,15,0,-16,68,47,17,14,73,61,21,16,82,77,34,19,0,1366,1,1,75,58,20,37
airhurt01,23,0,0,48,63,17,27,66,68,20,29,85,75,47,25,0,1366,1,1,75,58,20,37
x,1
groundhurt02,12,0,0,85,58,15,14,76,69,23,31,91,88,21,39,0,1366,1,1,78,69,20,58
x,0
groundhurt02,12,0,0,85,58,15,14,76,69,23,31,91,88,21,39,0,1366,1,1,78,69,20,58
crouch00,12,8,0,85,58,15,14,76,69,23,31,91,88,21,39,0,1366,1,1,78,69,20,58
x,0
onground00,12,0,0,0,1366,1,1,0,1366,1,1,0,1366,1,1,0,1366,1,1,77,94,28,33
x,0
sweep01,5,0,0,0,1366,1,1,0,1366,1,1,0,1366,1,1,0,1366,1,1,77,94,28,33
cstrong01,6,0,0,0,1366,1,1,0,1366,1,1,0,1366,1,1,0,1366,1,1,77,94,28,33
crouchmk00,5,0,0,0,1366,1,1,0,1366,1,1,0,1366,1,1,0,1366,1,1,77,94,28,33
crouch00,6,0,0,0,1366,1,1,0,1366,1,1,0,1366,1,1,0,1366,1,1,77,94,28,33
x,3
crouch00,12,0,0,85,58,15,14,76,69,23,31,91,88,21,39,0,1366,1,1,78,69,20,58
x,0
crouch00,12,0,0,85,58,15,14,76,69,23,31,91,88,21,39,0,1366,1,1,78,69,20,58
x,0
crouch00,12,0,0,85,58,15,14,76,69,23,31,91,88,21,39,0,1366,1,1,78,69,20,58
x,0
crouch00,12,0,0,85,58,15,14,76,69,23,31,91,88,21,39,0,1366,1,1,78,69,20,58
x,0
crouch00,12,0,0,85,58,15,14,76,69,23,31,91,88,21,39,0,1366,1,1,78,69,20,58
x,0
crouch00,12,0,0,85,58,15,14,76,69,23,31,91,88,21,39,0,1366,1,1,78,69,20,58
x,0
crouch00,12,0,0,85,58,15,14,76,69,23,31,91,88,21,39,0,1366,1,1,78,69,20,58
x,0